X,Y,Z
0.0171309485043149,-0.0186169675397829,-0.0120935054571939
0.0170816265128617,-0.0184532305824127,-0.0121055597117242
0.0170323045214085,-0.0182894936250425,-0.0121176139662546
0.0169829825299553,-0.0181257566676723,-0.0121296682207849
0.016933660538502,-0.0179620197103021,-0.0121417224753152
0.0168843385470488,-0.017798282752932,-0.0121537767298455
0.0168350165555956,-0.0176345457955618,-0.0121658309843758
0.0167856945641423,-0.0174708088381916,-0.0121778852389062
0.0167363725726891,-0.0173070718808214,-0.0121899394934365
0.0166870505812359,-0.0171433349234512,-0.0122019937479668
0.0166377285897827,-0.016979597966081,-0.0122140480024971
0.0165884065983294,-0.0168158610087108,-0.0122261022570274
0.0165390846068762,-0.0166521240513406,-0.0122381565115578
0.016489762615423,-0.0164883870939704,-0.0122502107660881
0.0164404406239697,-0.0163246501366003,-0.0122622650206184
0.0163911186325165,-0.0161609131792301,-0.0122743192751487
0.0163417966410633,-0.0159971762218599,-0.012286373529679
0.0162924746496101,-0.0158334392644897,-0.0122984277842094
0.0162431526581568,-0.0156697023071195,-0.0123104820387397
0.0161938306667036,-0.0155059653497493,-0.01232253629327
0.0161445086752504,-0.0153422283923791,-0.0123345905478003
0.0160951866837971,-0.0151784914350089,-0.0123466448023307
0.0160458646923439,-0.0150147544776388,-0.012358699056861
0.0159965427008907,-0.0148510175202686,-0.0123707533113913
0.0159472207094375,-0.0146872805628984,-0.0123828075659216
0.0158978987179842,-0.0145235436055282,-0.0123948618204519
0.015848576726531,-0.014359806648158,-0.0124069160749823
0.0157992547350778,-0.0141960696907878,-0.0124189703295126
0.0157499327436246,-0.0140323327334176,-0.0124310245840429
0.0157006107521713,-0.0138685957760474,-0.0124430788385732
0.0156512887607181,-0.0137048588186773,-0.0124551330931035
0.0156019667692649,-0.0135411218613071,-0.0124671873476339
0.0155526447778116,-0.0133773849039369,-0.0124792416021642
0.0155033227863584,-0.0132136479465667,-0.0124912958566945
0.0154540007949052,-0.0130499109891965,-0.0125033501112248
0.015404678803452,-0.0128861740318263,-0.0125154043657551
0.0153553568119987,-0.0127224370744561,-0.0125274586202855
0.0153060348205455,-0.0125587001170859,-0.0125395128748158
0.0152567128290923,-0.0123949631597157,-0.0125515671293461
0.015207390837639,-0.0122312262023456,-0.0125636213838764
0.0151580688461858,-0.0120674892449754,-0.0125756756384067
0.0151087468547326,-0.0119037522876052,-0.0125877298929371
0.0150594248632794,-0.011740015330235,-0.0125997841474674
0.0150101028718261,-0.0115762783728648,-0.0126118384019977
0.0149607808803729,-0.0114125414154946,-0.012623892656528
0.0149114588889197,-0.0112488044581244,-0.0126359469110583
0.0148621368974664,-0.0110850675007542,-0.0126480011655887
0.0148128149060132,-0.0109213305433841,-0.012660055420119
0.01476349291456,-0.0107575935860139,-0.0126721096746493
0.0147141709231068,-0.0105938566286437,-0.0126841639291796
0.0146648489316535,-0.0104301196712735,-0.0126962181837099
0.0146155269402003,-0.0102663827139033,-0.0127082724382403
0.0145662049487471,-0.0101026457565331,-0.0127203266927706
0.0145168829572938,-0.00993890879916293,-0.0127323809473009
0.0144675609658406,-0.00977517184179274,-0.0127444352018312
0.0144182389743874,-0.00961143488442255,-0.0127564894563615
0.0143689169829342,-0.00944769792705236,-0.0127685437108919
0.0143195949914809,-0.00928396096968218,-0.0127805979654222
0.0142702730000277,-0.00912022401231199,-0.0127926522199525
0.0142209510085745,-0.0089564870549418,-0.0128047064744828
0.0141716290171212,-0.00879275009757162,-0.0128167607290131
0.014122307025668,-0.00862901314020142,-0.0128288149835435
0.0140729850342148,-0.00846527618283124,-0.0128408692380738
0.0140236630427616,-0.00830153922546105,-0.0128529234926041
0.0139743410513083,-0.00813780226809086,-0.0128649777471344
0.0139250190598551,-0.00797406531072067,-0.0128770320016648
0.0138756970684019,-0.00781032835335049,-0.0128890862561951
0.0138263750769487,-0.00764659139598029,-0.0129011405107254
0.0137770530854954,-0.00748285443861011,-0.0129131947652557
0.0137277310940422,-0.00731911748123992,-0.012925249019786
0.013678409102589,-0.00715538052386973,-0.0129373032743164
0.0136290871111357,-0.00699164356649955,-0.0129493575288467
0.0135797651196825,-0.00682790660912936,-0.012961411783377
0.0135304431282293,-0.00666416965175917,-0.0129734660379073
0.0134811211367761,-0.00650043269438898,-0.0129855202924376
0.0134317991453228,-0.00633669573701879,-0.012997574546968
0.0133824771538696,-0.00617295877964861,-0.0130096288014983
0.0133331551624164,-0.00600922182227842,-0.0130216830560286
0.0132838331709631,-0.00584548486490823,-0.0130337373105589
0.0132345111795099,-0.00568174790753804,-0.0130457915650892
0.0131851891880567,-0.00551801095016785,-0.0130578458196196
0.0131358671966035,-0.00535427399279766,-0.0130699000741499
0.0130865452051502,-0.00519053703542748,-0.0130819543286802
0.013037223213697,-0.00502680007805729,-0.0130940085832105
0.0129879012222438,-0.0048630631206871,-0.0131060628377408
0.0129385792307905,-0.00469932616331691,-0.0131181170922712
0.0128892572393373,-0.00453558920594673,-0.0131301713468015
0.0128399352478841,-0.00437185224857654,-0.0131422256013318
0.0127906132564309,-0.00420811529120635,-0.0131542798558621
0.0127412912649776,-0.00404437833383616,-0.0131663341103924
0.0126919692735244,-0.00388064137646598,-0.0131783883649228
0.0126426472820712,-0.00371690441909579,-0.0131904426194531
0.0125933252906179,-0.0035531674617256,-0.0132024968739834
0.0125440032991647,-0.00338943050435541,-0.0132145511285137
0.0124946813077115,-0.00322569354698522,-0.013226605383044
0.0124453593162583,-0.00306195658961503,-0.0132386596375744
0.012396037324805,-0.00289821963224485,-0.0132507138921047
0.0123467153333518,-0.00273448267487466,-0.013262768146635
0.0122973933418986,-0.00257074571750447,-0.0132748224011653
0.0122480713504453,-0.00240700876013428,-0.0132868766556956
0.0121987493589921,-0.00224327180276409,-0.013298930910226
0.0121494273675389,-0.00207953484539391,-0.0133109851647563
0.0121001053760857,-0.00191579788802372,-0.0133230394192866
0.0120507833846324,-0.00175206093065353,-0.0133350936738169
0.0120014613931792,-0.00158832397328334,-0.0133471479283472
0.011952139401726,-0.00142458701591316,-0.0133592021828776
0.0119028174102727,-0.00126085005854297,-0.0133712564374079
0.0118534954188195,-0.00109711310117278,-0.0133833106919382
0.0118041734273663,-0.000933376143802591,-0.0133953649464685
0.0117548514359131,-0.000769639186432403,-0.0134074192009989
0.0117055294444598,-0.000605902229062216,-0.0134194734555292
0.0116562074530066,-0.000442165271692028,-0.0134315277100595
0.0116068854615534,-0.00027842831432184,-0.0134435819645898
0.0115575634701002,-0.000114691356951652,-0.0134556362191201
0.0115082414786469,4.90456004185354e-05,-0.0134676904736505
0.0114589194871937,0.000212782557788725,-0.0134797447281808
0.0114095974957405,0.000376519515158911,-0.0134917989827111
0.0113602755042872,0.0005402564725291,-0.0135038532372414
0.011310953512834,0.000703993429899288,-0.0135159074917717
0.0112616315213808,0.000867730387269476,-0.0135279617463021
0.0112123095299276,0.00103146734463966,-0.0135400160008324
0.0111629875384743,0.00119520430200985,-0.0135520702553627
0.0111136655470211,0.00135894125938004,-0.013564124509893
0.0110643435555679,0.00152267821675023,-0.0135761787644233
0.0110150215641146,0.00168641517412042,-0.0135882330189537
0.0109656995726614,0.0018501521314906,-0.013600287273484
0.0109163775812082,0.00201388908886079,-0.0136123415280143
0.010867055589755,0.00217762604623098,-0.0136243957825446
0.0108177335983017,0.00234136300360117,-0.0136364500370749
0.0107684116068485,0.00250509996097135,-0.0136485042916053
0.0107190896153953,0.00266883691834154,-0.0136605585461356
0.010669767623942,0.00283257387571173,-0.0136726128006659
0.0106204456324888,0.00299631083308192,-0.0136846670551962
0.0105711236410356,0.00316004779045211,-0.0136967213097265
0.0105218016495824,0.0033237847478223,-0.0137087755642569
0.0104724796581291,0.00348752170519248,-0.0137208298187872
0.0104231576666759,0.00365125866256267,-0.0137328840733175
0.0103738356752227,0.00381499561993286,-0.0137449383278478
0.0103245136837694,0.00397873257730305,-0.0137569925823781
0.0102751916923162,0.00414246953467323,-0.0137690468369085
0.010225869700863,0.00430620649204342,-0.0137811010914388
0.0101765477094098,0.00446994344941361,-0.0137931553459691
0.0101272257179565,0.0046336804067838,-0.0138052096004994
0.0100779037265033,0.00479741736415399,-0.0138172638550297
0.0100285817350501,0.00496115432152417,-0.0138293181095601
0.00997925974359685,0.00512489127889436,-0.0138413723640904
0.00992993775214362,0.00528862823626455,-0.0138534266186207
0.00988061576069039,0.00545236519363474,-0.013865480873151
0.00983129376923716,0.00561610215100493,-0.0138775351276813
0.00978197177778393,0.00577983910837511,-0.0138895893822117
0.0097326497863307,0.0059435760657453,-0.013901643636742
0.00968332779487748,0.00610731302311549,-0.0139136978912723
0.00963400580342425,0.00627104998048568,-0.0139257521458026
0.00958468381197102,0.00643478693785587,-0.013937806400333
0.00953536182051779,0.00659852389522605,-0.0139498606548633
0.00948603982906457,0.00676226085259624,-0.0139619149093936
0.00943671783761134,0.00692599780996643,-0.0139739691639239
0.00938739584615811,0.00708973476733662,-0.0139860234184542
0.00933807385470488,0.00725347172470681,-0.0139980776729846
0.00928875186325165,0.00741720868207699,-0.0140101319275149
0.00923942987179842,0.00758094563944718,-0.0140221861820452
0.0091901078803452,0.00774468259681737,-0.0140342404365755
0.00914078588889197,0.00790841955418756,-0.0140462946911058
0.00909146389743874,0.00807215651155774,-0.0140583489456362
0.00904214190598551,0.00823589346892793,-0.0140704032001665
0.00899281991453228,0.00839963042629812,-0.0140824574546968
0.00894349792307905,0.00856336738366831,-0.0140945117092271
0.00889417593162583,0.0087271043410385,-0.0141065659637574
0.0088448539401726,0.00889084129840868,-0.0141186202182878
0.00879553194871937,0.00905457825577887,-0.0141306744728181
0.00874620995726614,0.00921831521314906,-0.0141427287273484
0.00869688796581291,0.00938205217051925,-0.0141547829818787
0.00864756597435968,0.00954578912788944,-0.014166837236409
0.00859824398290646,0.00970952608525963,-0.0141788914909394
0.00854892199145323,0.00987326304262981,-0.0141909457454697
0.0084996,0.010037,-0.014203
0.0084505,0.0102,-0.014215
0.0084169,0.010309,-0.014223
0.0083678,0.010467,-0.014236
0.0083657,0.010474,-0.014236
0.0083268,0.010598,-0.014246
0.0082729,0.010767,-0.014261
0.0082408,0.010866,-0.01427
0.0082358,0.010882,-0.014272
0.0082069,0.010969,-0.01428
0.0082056,0.010973,-0.014281
0.0082039,0.010978,-0.014281
0.0081224,0.011226,-0.014308
0.0080623,0.011404,-0.01433
0.0080123,0.011547,-0.01435
0.0079197,0.011805,-0.014388
0.0078492,0.011998,-0.014421
0.007757,0.012239,-0.014466
0.0077295,0.012308,-0.01448
0.007699,0.012385,-0.014496
0.0076596,0.012481,-0.014517
0.0074865,0.012887,-0.014616
0.0074608,0.012944,-0.014632
0.0072656,0.013361,-0.014754
0.0072516,0.013389,-0.014763
0.0072467,0.013399,-0.014766
0.0072037,0.013485,-0.014794
0.0071954,0.013501,-0.0148
0.0071646,0.013561,-0.01482
0.006924,0.014004,-0.014985
0.0068785,0.014083,-0.015017
0.0066954,0.014385,-0.015149
0.0066224,0.0145,-0.015203
0.0065378,0.01463,-0.015267
0.0064542,0.014755,-0.015332
0.0063008,0.014976,-0.015452
0.006245,0.015054,-0.015497
0.006179,0.015145,-0.01555
0.0059608,0.015434,-0.015734
0.0058141,0.015622,-0.015864
0.0058107,0.015626,-0.015867
0.0057849,0.015659,-0.01589
0.0056071,0.015879,-0.016057
0.005445,0.016075,-0.016217
0.0054073,0.01612,-0.016255
0.0052445,0.016314,-0.016427
0.0050934,0.016493,-0.016597
0.0050279,0.01657,-0.016674
0.0048787,0.016746,-0.016856
0.0047645,0.016882,-0.017005
0.0046788,0.016986,-0.017122
0.0045171,0.017183,-0.017358
0.0044652,0.017247,-0.017438
0.0043628,0.017377,-0.017605
0.0042899,0.017471,-0.01773
0.0041992,0.01759,-0.017893
0.0041682,0.017632,-0.017952
0.0040822,0.017751,-0.018122
0.0039688,0.017916,-0.018365
0.0038462,0.018108,-0.01866
0.0038397,0.018119,-0.018677
0.0038215,0.018149,-0.018725
0.0037752,0.018228,-0.018851
0.0036799,0.018403,-0.019138
0.0036394,0.018484,-0.019275
0.0036186,0.018528,-0.01935
0.0035724,0.018632,-0.019528
0.0035461,0.018695,-0.019638
0.003499,0.01882,-0.019856
0.0034864,0.018856,-0.01992
0.0034423,0.018996,-0.020173
0.0034133,0.019104,-0.02037
0.0033839,0.019236,-0.02061
0.0033834,0.019238,-0.020615
0.003383,0.01924,-0.020619
0.0033591,0.019385,-0.020886
0.0033476,0.019481,-0.021066
0.0033366,0.01964,-0.021366
0.0033358,0.019662,-0.021407
0.0033348,0.019705,-0.021488
0.0033388,0.019907,-0.021873
0.0033405,0.019937,-0.02193
0.0033448,0.02,-0.02205
0.0033512,0.020067,-0.022179
0.0033587,0.020133,-0.022305
0.0033693,0.02021,-0.022455
0.0033836,0.020299,-0.022626
0.0034083,0.020429,-0.022875
0.0034199,0.020484,-0.02298
0.0034286,0.020522,-0.023054
0.0034657,0.02067,-0.023342
0.0034887,0.020755,-0.023506
0.0035597,0.020993,-0.023964
0.0035636,0.021006,-0.023987
0.003569,0.021023,-0.02402
0.0035708,0.021028,-0.024031
0.0035644,0.021032,-0.024041
0.0035737,0.021062,-0.024098
0.0036533,0.021302,-0.024555
0.0036827,0.02139,-0.024721
0.0037222,0.021509,-0.024944
0.0037452,0.021579,-0.025075
0.0037717,0.021662,-0.025228
0.0038006,0.021756,-0.025401
0.0038312,0.021861,-0.025592
0.0038443,0.021908,-0.025677
0.0038763,0.022031,-0.025896
0.0039022,0.022143,-0.026092
0.0039036,0.022149,-0.026103
0.0039068,0.022164,-0.026129
0.003933,0.022307,-0.02637
0.003955,0.022454,-0.026613
0.0039673,0.02256,-0.026787
0.003971,0.022599,-0.02685
0.0039806,0.022739,-0.027073
0.0039797,0.023043,-0.027535
0.0039792,0.023057,-0.027557
0.003979,0.023064,-0.027567
0.0039782,0.023079,-0.027589
0.0039776,0.023092,-0.027608
0.0039775,0.023093,-0.02761
0.0039765,0.023113,-0.027639
0.0039745,0.023144,-0.027685
0.0039677,0.023204,-0.02777
0.003955,0.023345,-0.027974
0.0039497,0.023395,-0.028045
0.0039492,0.0234,-0.028052
0.0039387,0.02349,-0.028179
0.0039292,0.023562,-0.02828
0.0039236,0.023603,-0.028337
0.0039074,0.02371,-0.028486
0.0039044,0.023729,-0.028513
0.0039012,0.023749,-0.02854
0.0038823,0.023861,-0.028695
0.0038761,0.023897,-0.028744
0.0038643,0.023963,-0.028834
0.0038495,0.024044,-0.028943
0.0038454,0.024066,-0.028973
0.0038412,0.024088,-0.029003
0.0038351,0.02412,-0.029047
0.0038139,0.02423,-0.029195
0.0038127,0.024236,-0.029203
0.0037847,0.024379,-0.029395
0.0037827,0.024389,-0.029409
0.0037795,0.024406,-0.029432
0.0037763,0.024422,-0.029453
0.0037693,0.024457,-0.029501
0.0037458,0.024576,-0.02966
0.0037339,0.024638,-0.029744
0.0037154,0.024735,-0.029875
0.0037135,0.024746,-0.02989
0.0037115,0.024756,-0.029903
0.0036862,0.024897,-0.030095
0.0036831,0.024915,-0.030119
0.0036776,0.024948,-0.030164
0.0036578,0.025071,-0.030332
0.0036558,0.025084,-0.030349
0.0036538,0.025097,-0.030368
0.0036449,0.025158,-0.030453
0.0036324,0.025251,-0.030581
0.0036219,0.02534,-0.030704
0.0036168,0.025388,-0.030772
0.0036147,0.02541,-0.030802
0.0036139,0.025418,-0.030813
0.0036135,0.025423,-0.03082
0.0036106,0.025453,-0.030862
0.0036003,0.025584,-0.031046
0.0035952,0.025687,-0.031192
0.003595,0.025693,-0.031201
0.0035934,0.025748,-0.031281
0.0035922,0.025831,-0.031399
0.0035922,0.025834,-0.031403
0.0035926,0.025912,-0.031516
0.003594,0.025965,-0.031593
0.0035941,0.025969,-0.031599
0.0035988,0.026074,-0.031753
0.0036096,0.026213,-0.031956
0.0036108,0.026226,-0.031975
0.0036118,0.026236,-0.03199
0.0036137,0.026254,-0.032017
0.0036137,0.026254,-0.032017
0.0036137,0.026254,-0.032018
0.0036314,0.026396,-0.032229
0.0036434,0.026471,-0.032341
0.0036576,0.02655,-0.03246
0.0036587,0.026555,-0.032469
0.0036599,0.026562,-0.032478
0.0036901,0.026703,-0.032694
0.0036925,0.026714,-0.032709
0.0036982,0.026738,-0.032746
0.0037293,0.026858,-0.032931
0.0037328,0.026871,-0.032951
0.0037365,0.026884,-0.032971
0.0037485,0.026925,-0.033034
0.0037781,0.027021,-0.033184
0.0037801,0.027028,-0.033193
0.0038173,0.027138,-0.033364
0.0038328,0.027181,-0.033434
0.0038337,0.027183,-0.033437
0.0038344,0.027185,-0.033441
0.0038881,0.027327,-0.033664
0.0038925,0.027338,-0.033682
0.0038938,0.027341,-0.033687
0.0039477,0.027471,-0.033895
0.0039564,0.027491,-0.033927
0.0039673,0.027516,-0.033967
0.0039771,0.027538,-0.034003
0.004025,0.027643,-0.034174
0.0040477,0.027691,-0.034252
0.0040656,0.027728,-0.034313
0.0040734,0.027744,-0.034339
0.0040981,0.027794,-0.034422
0.0041308,0.027858,-0.03453
0.0041586,0.027912,-0.034619
0.0041748,0.027943,-0.034672
0.0042088,0.028008,-0.03478
0.0042537,0.028091,-0.03492
0.0042544,0.028092,-0.034922
0.0042545,0.028093,-0.034922
0.0043177,0.028205,-0.035115
0.0043372,0.028239,-0.035174
0.0043515,0.028264,-0.035217
0.0043534,0.028267,-0.035222
0.0043575,0.028274,-0.035235
0.0044229,0.028385,-0.035427
0.0044549,0.028438,-0.03552
0.0045011,0.028513,-0.035652
0.0045112,0.02853,-0.035682
0.0045256,0.028553,-0.035722
0.0045584,0.028605,-0.035815
0.0046012,0.028673,-0.035937
0.0046556,0.028758,-0.03609
0.0046628,0.028769,-0.03611
0.0046776,0.028792,-0.036152
0.0046926,0.028816,-0.036194
0.0047462,0.028897,-0.036342
0.0047683,0.028931,-0.036403
0.0047854,0.028957,-0.036452
0.0048132,0.028999,-0.036529
0.0048733,0.029091,-0.036697
0.0048776,0.029098,-0.03671
0.0049096,0.029146,-0.036799
0.0049667,0.029233,-0.036961
0.0049695,0.029237,-0.036969
0.0049715,0.02924,-0.036975
0.0049775,0.029249,-0.036992
0.0049887,0.029266,-0.037024
0.005061,0.029375,-0.037231
0.0050808,0.029405,-0.037288
0.0051303,0.02948,-0.037432
0.0051511,0.029512,-0.037492
0.0051795,0.029556,-0.037573
0.0051833,0.029562,-0.037584
0.0052406,0.02965,-0.037753
0.0052781,0.029708,-0.037865
0.005284,0.029717,-0.037883
0.0052875,0.029722,-0.037893
0.0053285,0.029785,-0.038017
0.0053801,0.029864,-0.038173
0.0053832,0.029869,-0.038182
0.0054157,0.029919,-0.038282
0.0054445,0.029964,-0.038371
0.0054808,0.030021,-0.038484
0.0055011,0.030052,-0.038548
0.0055395,0.030112,-0.038668
0.0055691,0.030157,-0.038761
0.0055772,0.030169,-0.038786
0.0055864,0.030183,-0.038816
0.0056012,0.030206,-0.038862
0.0056586,0.030294,-0.039044
0.0056714,0.030314,-0.039085
0.005673,0.030316,-0.03909
0.005752,0.030436,-0.039343
0.0057559,0.030442,-0.039355
0.0057593,0.030447,-0.039366
0.0057679,0.03046,-0.039394
0.0057804,0.030479,-0.039434
0.0058398,0.030569,-0.039627
0.0058618,0.030602,-0.039699
0.0059179,0.030688,-0.039884
0.0059229,0.030695,-0.0399
0.0059283,0.030703,-0.039918
0.0059545,0.030743,-0.040005
0.0060045,0.03082,-0.040174
0.0060046,0.03082,-0.040175
0.0060455,0.030883,-0.040313
0.0060748,0.03093,-0.040415
0.0060843,0.030945,-0.040448
0.0060943,0.030961,-0.040483
0.0061341,0.031025,-0.040624
0.0061615,0.031069,-0.040723
0.0062115,0.031153,-0.040906
0.0062198,0.031167,-0.040937
0.006226,0.031178,-0.04096
0.0062357,0.031194,-0.040997
0.0062452,0.031211,-0.041033
0.0063017,0.031312,-0.041254
0.0063057,0.03132,-0.041271
0.006329,0.031363,-0.041366
0.0063664,0.031436,-0.041524
0.006371,0.031445,-0.041544
0.0063753,0.031454,-0.041562
0.0063785,0.03146,-0.041576
0.0063938,0.031491,-0.041644
0.0064313,0.031572,-0.041816
0.0064495,0.031612,-0.041904
0.0064816,0.031688,-0.042067
0.0064857,0.031698,-0.042089
0.0064909,0.031711,-0.042117
0.0065129,0.031767,-0.04224
0.0065337,0.031824,-0.042362
0.0065376,0.031835,-0.042386
0.0065623,0.031908,-0.042547
0.0065676,0.031925,-0.042584
0.0065749,0.031949,-0.042637
0.0065921,0.032008,-0.042771
0.0066007,0.032034,-0.04283
0.0066098,0.032071,-0.042913
0.0066124,0.032081,-0.042938
0.006619,0.032108,-0.043003
0.0066279,0.032147,-0.043098
0.0066358,0.032187,-0.043196
0.0066435,0.032229,-0.043306
0.0066506,0.032276,-0.043433
0.0066531,0.032295,-0.043487
0.0066576,0.032342,-0.043628
0.0066589,0.032361,-0.04369
0.0066593,0.03237,-0.043719
0.0066601,0.032391,-0.043791
0.0066602,0.032405,-0.043842
0.0066553,0.032464,-0.044092
0.0066546,0.032468,-0.044113
0.0066507,0.032483,-0.044201
0.0066493,0.032488,-0.04423
0.0066489,0.032489,-0.044237
0.0066324,0.032516,-0.044464
0.0066274,0.03252,-0.044519
0.0066194,0.032523,-0.044599
0.0066113,0.032524,-0.044671
0.0065861,0.032519,-0.044859
0.0065719,0.032511,-0.044951
0.0065675,0.032508,-0.044978
0.006556,0.032499,-0.045046
0.006527,0.032473,-0.045204
0.0065095,0.032454,-0.045287
0.0064989,0.032442,-0.045335
0.0064896,0.032431,-0.045377
0.0064657,0.032401,-0.045479
0.0064329,0.032356,-0.04561
0.0064157,0.03233,-0.045675
0.0063597,0.032241,-0.045878
0.0063468,0.032219,-0.045923
0.0063391,0.032206,-0.045949
0.006326,0.032183,-0.045993
0.0063157,0.032165,-0.046029
0.0062943,0.032127,-0.046102
0.0062631,0.032067,-0.046209
0.0062568,0.032054,-0.046231
0.0062206,0.031981,-0.046357
0.0061914,0.031919,-0.046461
0.006169,0.03187,-0.046543
0.0061582,0.031844,-0.046585
0.0061269,0.031769,-0.04671
0.0061009,0.031702,-0.046823
0.0060914,0.031677,-0.046864
0.0060734,0.031627,-0.046948
0.0060709,0.03162,-0.04696
0.006036,0.031524,-0.047122
0.006024,0.031483,-0.047186
0.0060196,0.03147,-0.047206
0.0060087,0.031435,-0.047266
0.0060078,0.031432,-0.04727
0.0059748,0.031329,-0.047464
0.0059667,0.031298,-0.047518
0.0059522,0.031235,-0.047628
0.0059411,0.031184,-0.04772
0.0059222,0.031092,-0.047895
0.0059191,0.031078,-0.047923
0.0059138,0.031045,-0.047984
0.0059109,0.031022,-0.048029
0.0059029,0.030921,-0.048226
0.0059028,0.030907,-0.048253
0.0059028,0.030901,-0.048265
0.0059089,0.030783,-0.048503
0.0059101,0.030772,-0.048525
0.0059113,0.030765,-0.048539
0.005922,0.030695,-0.048671
0.0059282,0.030667,-0.048722
0.0059324,0.030643,-0.04877
0.0059363,0.030629,-0.048802
0.0059471,0.030591,-0.048883
0.005953,0.030573,-0.048921
0.0059723,0.030523,-0.049036
0.0059826,0.030501,-0.049085
0.0059943,0.030476,-0.049142
0.0060265,0.030417,-0.049285
0.0060288,0.030413,-0.049294
0.0060317,0.030408,-0.049307
0.0060566,0.030367,-0.049405
0.0060741,0.030333,-0.049484
0.0061016,0.030293,-0.049593
0.0061127,0.030277,-0.049635
0.0061429,0.030236,-0.049742
0.0061855,0.030188,-0.049881
0.0062385,0.030142,-0.05004
0.006247,0.030134,-0.050064
0.0062524,0.030128,-0.050082
0.0062932,0.030093,-0.050205
0.0062963,0.03009,-0.050214
0.0063472,0.030043,-0.050366
0.006388,0.030012,-0.050484
0.0064386,0.029984,-0.050624
0.0064491,0.029977,-0.050652
0.0064547,0.029972,-0.050669
0.0065136,0.029936,-0.050842
0.0065387,0.02992,-0.050919
0.0065442,0.029915,-0.050936
0.0065626,0.029903,-0.050989
0.0066289,0.029865,-0.051186
0.0066538,0.029851,-0.051252
0.0067136,0.029818,-0.051405
0.0067611,0.029801,-0.051527
0.0067645,0.0298,-0.051536
0.0067944,0.029784,-0.051619
0.0068095,0.029778,-0.051658
0.0068114,0.029777,-0.051663
0.0068777,0.029748,-0.051835
0.0068931,0.029742,-0.051875
0.006982,0.029711,-0.052111
0.0070036,0.029705,-0.052167
0.0070453,0.029693,-0.052275
0.0070543,0.029691,-0.052298
0.0070965,0.029677,-0.052424
0.0071413,0.029663,-0.052559
0.0071525,0.029661,-0.052592
0.0071983,0.029649,-0.052723
0.0072052,0.029647,-0.052742
0.0072668,0.029631,-0.052924
0.0072768,0.029629,-0.052953
0.0072999,0.029624,-0.053021
0.0073231,0.029619,-0.053086
0.0073946,0.029597,-0.053321
0.007395,0.029597,-0.053323
0.0073969,0.029596,-0.053329
0.0074339,0.029584,-0.05344
0.0074398,0.029582,-0.053458
0.0074938,0.029566,-0.053624
0.0075115,0.029559,-0.053683
0.0075572,0.029543,-0.053818
0.0075814,0.029534,-0.053891
0.0075982,0.029527,-0.053941
0.0076336,0.029514,-0.054046
0.0076432,0.029509,-0.054074
0.0076902,0.029487,-0.054228
0.0077275,0.02947,-0.054352
0.0077372,0.029466,-0.054382
0.00778,0.029448,-0.054509
0.0077872,0.029444,-0.054531
0.0078408,0.02942,-0.054701
0.0078489,0.029416,-0.054727
0.0078503,0.029415,-0.05473
0.0078526,0.029414,-0.054738
0.0078822,0.029398,-0.054836
0.0078953,0.029388,-0.05488
0.0079524,0.029357,-0.055073
0.0079732,0.029341,-0.055145
0.0079814,0.029336,-0.055173
0.0080105,0.029318,-0.055274
0.0080566,0.029294,-0.055415
0.0080682,0.029288,-0.055449
0.0081315,0.029254,-0.055631
0.0081447,0.029247,-0.05567
0.0081718,0.029229,-0.055747
0.0081747,0.029227,-0.055756
0.0082011,0.02921,-0.05584
0.0082059,0.029208,-0.055856
0.0082643,0.029173,-0.056054
0.0082755,0.029166,-0.056096
0.0083096,0.029151,-0.056198
0.0083272,0.029143,-0.056253
0.0083609,0.029127,-0.056356
0.0083864,0.029113,-0.056442
0.0084105,0.029097,-0.056525
0.0084498,0.029075,-0.056671
0.0084752,0.029063,-0.056771
0.0084827,0.02906,-0.056797
0.0085116,0.029047,-0.056899
0.0085351,0.029036,-0.056987
0.0085708,0.029022,-0.057124
0.0085786,0.029019,-0.057152
0.0086184,0.029008,-0.057291
0.0086207,0.029007,-0.057299
0.0086437,0.029004,-0.05739
0.0086743,0.028993,-0.057528
0.0086759,0.028992,-0.057535
0.0086863,0.028984,-0.057587
0.008694,0.028977,-0.05763
0.008708,0.028971,-0.057694
0.0087634,0.028954,-0.057898
0.0087762,0.028948,-0.05795
0.0087801,0.028947,-0.057966
0.008793,0.028943,-0.05803
0.0088547,0.028931,-0.058265
0.0088561,0.028931,-0.058271
0.0088564,0.028931,-0.058272
0.0088862,0.02893,-0.058377
0.008893,0.02893,-0.058403
0.0089435,0.028929,-0.058577
0.0089658,0.028929,-0.058657
0.008984,0.028925,-0.058728
0.0090232,0.028924,-0.058906
0.0090397,0.028923,-0.058969
0.0090639,0.028923,-0.059062
0.0090862,0.028924,-0.059149
0.0091053,0.028924,-0.059231
0.0091227,0.028924,-0.059307
0.0091693,0.028929,-0.059478
0.0091867,0.028932,-0.059545
0.0092006,0.028934,-0.059598
0.0092102,0.028936,-0.05964
0.0092316,0.02894,-0.059725
0.0092641,0.028947,-0.059852
0.0092814,0.028951,-0.059915
0.0092875,0.028952,-0.059936
0.0093236,0.028963,-0.060067
0.0093384,0.028967,-0.060118
0.0093832,0.028979,-0.060277
0.0094009,0.028985,-0.060354
0.0094195,0.028993,-0.060433
0.0094229,0.028994,-0.060445
0.0094938,0.029017,-0.060711
0.0095046,0.029024,-0.060757
0.0095151,0.029029,-0.060797
0.0095193,0.02903,-0.060814
0.0095418,0.029032,-0.060895
0.0095942,0.029052,-0.061083
0.0096154,0.029063,-0.061158
0.0096175,0.029064,-0.061166
0.0096472,0.029078,-0.06127
0.0096829,0.029096,-0.061401
0.0097083,0.02911,-0.06149
0.0097507,0.029131,-0.061629
0.0097771,0.029147,-0.061717
0.009793,0.029156,-0.061769
0.0098043,0.029163,-0.061811
0.0098236,0.029173,-0.061877
0.0098691,0.0292,-0.062031
0.0098962,0.029217,-0.062119
0.0099006,0.029219,-0.062134
0.0099484,0.029248,-0.06229
0.0099633,0.029257,-0.062341
0.0099967,0.029278,-0.062456
0.010047,0.029308,-0.062618
0.010058,0.029314,-0.062652
0.010076,0.029323,-0.06271
0.010098,0.029335,-0.06278
0.010115,0.029345,-0.062829
0.010153,0.029367,-0.06296
0.010194,0.02939,-0.063098
0.010196,0.029391,-0.063106
0.010242,0.029416,-0.063271
0.010262,0.029427,-0.063352
0.010285,0.02944,-0.063444
0.010316,0.029454,-0.063564
0.010324,0.029457,-0.063589
0.010345,0.029463,-0.063665
0.010349,0.029463,-0.063671
0.010407,0.029505,-0.063913
0.010418,0.029512,-0.063955
0.010426,0.029516,-0.063982
0.010443,0.029525,-0.064044
0.010468,0.029539,-0.064152
0.010484,0.029548,-0.064236
0.0105,0.029556,-0.064313
0.010539,0.029575,-0.064489
0.010553,0.029581,-0.064559
0.010562,0.029584,-0.064603
0.01057,0.029587,-0.064648
0.0106,0.029598,-0.064797
0.010616,0.029602,-0.064892
0.01062,0.029603,-0.064917
0.010633,0.029607,-0.06499
0.010644,0.029611,-0.065049
0.010669,0.029616,-0.065229
0.010685,0.029617,-0.065334
0.010685,0.029617,-0.065335
0.010704,0.02962,-0.065483
0.010714,0.029619,-0.065571
0.010728,0.029615,-0.0657
0.010732,0.029614,-0.065737
0.010745,0.029609,-0.065892
0.010747,0.029607,-0.065927
0.010758,0.029594,-0.06609
0.01076,0.02959,-0.066131
0.010764,0.029578,-0.066256
0.010764,0.029572,-0.06631
0.010765,0.029549,-0.066494
0.010765,0.029547,-0.066508
0.010765,0.029546,-0.066526
0.010767,0.02953,-0.06669
0.010764,0.029523,-0.066744
0.01076,0.029513,-0.066826
0.010754,0.0295,-0.066901
0.010748,0.029487,-0.067004
0.010746,0.029482,-0.067053
0.010738,0.029466,-0.067154
0.010738,0.029465,-0.067157
0.010737,0.029463,-0.06717
0.010709,0.029413,-0.067473
0.010706,0.029409,-0.067499
0.010699,0.029396,-0.067572
0.010698,0.029393,-0.067586
0.010698,0.029393,-0.067591
0.010663,0.029344,-0.067839
0.01066,0.029337,-0.067873
0.010652,0.029317,-0.067972
0.010644,0.029303,-0.068039
0.010628,0.029277,-0.068158
0.010622,0.02927,-0.068184
0.010599,0.02924,-0.068302
0.010575,0.029206,-0.068434
0.010567,0.029195,-0.068476
0.010562,0.029189,-0.068503
0.010553,0.029176,-0.068552
0.010524,0.029144,-0.068672
0.010508,0.029125,-0.068735
0.010494,0.029107,-0.068797
0.010458,0.029063,-0.068956
0.010429,0.029031,-0.069063
0.010425,0.029026,-0.069079
0.0104,0.029,-0.069167
0.01038,0.028978,-0.069236
0.01036,0.028958,-0.069301
0.010312,0.028918,-0.069436
0.010309,0.028915,-0.069445
0.01029,0.028898,-0.069499
0.010251,0.028863,-0.069615
0.010227,0.028841,-0.069681
0.010217,0.028833,-0.069708
0.010207,0.028826,-0.069733
0.010192,0.028813,-0.069773
0.010143,0.028775,-0.069898
0.010095,0.028739,-0.070013
0.010093,0.028737,-0.070017
0.010072,0.028723,-0.070065
0.0099872,0.028664,-0.070254
0.0099714,0.028653,-0.070287
0.0099563,0.028642,-0.070317
0.0099542,0.028641,-0.07032
0.0099501,0.028638,-0.070328
0.0098343,0.028568,-0.070549
0.0097924,0.028543,-0.070624
0.0096962,0.028488,-0.07079
0.0096778,0.028478,-0.07082
0.0096246,0.028449,-0.070904
0.0096131,0.028443,-0.070921
0.0095086,0.028385,-0.071079
0.0094436,0.028348,-0.071169
0.0094145,0.028332,-0.071207
0.0093245,0.028282,-0.071325
0.0091948,0.028209,-0.071476
0.0091935,0.028208,-0.071477
0.0091768,0.028199,-0.071496
0.0091734,0.028197,-0.071499
0.009125,0.028172,-0.071551
0.0091194,0.028169,-0.071556
0.0089988,0.028109,-0.071678
0.0089285,0.028075,-0.071742
0.0089263,0.028074,-0.071744
0.0089051,0.028064,-0.071761
0.0087767,0.028007,-0.071867
0.0086408,0.027954,-0.071962
0.0086182,0.027947,-0.071977
0.0085149,0.027914,-0.072051
0.0084165,0.027878,-0.072117
0.0083572,0.027859,-0.072155
0.0083125,0.027846,-0.072184
0.0082283,0.027825,-0.072246
0.0081808,0.027815,-0.072283
0.0080756,0.027788,-0.072366
0.0080103,0.027771,-0.072419
0.0078893,0.027739,-0.072525
0.0078408,0.027727,-0.072571
0.007811,0.027719,-0.072602
0.007716,0.02769,-0.072705
0.0076522,0.027669,-0.072778
0.0075546,0.027632,-0.072902
0.0075535,0.027631,-0.072904
0.0075524,0.027631,-0.072905
0.0074761,0.027599,-0.073008
0.0074315,0.027578,-0.073072
0.0073474,0.027536,-0.073199
0.007325,0.027524,-0.073235
0.0072178,0.027464,-0.073413
0.0071854,0.027445,-0.07347
0.0071788,0.027441,-0.073482
0.0071731,0.027437,-0.073494
0.0071712,0.027436,-0.073498
0.0071673,0.027434,-0.073505
0.0070414,0.027355,-0.073749
0.0070173,0.027339,-0.0738
0.006931,0.02728,-0.073984
0.0069141,0.027269,-0.074021
0.0068954,0.027255,-0.074063
0.0068777,0.027243,-0.074103
0.006809,0.027194,-0.074263
0.0067935,0.027183,-0.074299
0.006748,0.027149,-0.074408
0.0066991,0.027113,-0.074528
0.0066773,0.027097,-0.074582
0.0066562,0.027082,-0.074636
0.0066244,0.027058,-0.074717
0.0065658,0.027016,-0.07487
0.0065443,0.027,-0.074926
0.0065059,0.026972,-0.075029
0.0064686,0.026945,-0.075131
0.0064579,0.026937,-0.075161
0.0064488,0.02693,-0.075186
0.0063917,0.026889,-0.075345
0.0063534,0.026861,-0.075455
0.0063219,0.026838,-0.075548
0.0062831,0.026809,-0.075664
0.0062646,0.026795,-0.07572
0.0062536,0.026787,-0.075754
0.0062389,0.026776,-0.0758
0.0061794,0.026731,-0.075985
0.0061573,0.026714,-0.076057
0.006134,0.026695,-0.076135
0.0061013,0.026669,-0.076245
0.0060833,0.026655,-0.076308
0.0060669,0.026642,-0.076366
0.006016,0.0266,-0.076548
0.0059934,0.026581,-0.076633
0.0059812,0.02657,-0.076679
0.0059786,0.026568,-0.076689
0.0059597,0.026552,-0.076761
0.0059102,0.026508,-0.07696
0.0059011,0.0265,-0.076998
0.005851,0.026453,-0.077216
0.0058388,0.026441,-0.077271
0.0058354,0.026437,-0.077288
0.0058278,0.02643,-0.077323
0.0058074,0.026409,-0.07742
0.005768,0.026367,-0.077617
0.0057605,0.026359,-0.077655
0.0057492,0.026346,-0.077717
0.0057376,0.026333,-0.077778
0.0057081,0.026298,-0.077946
0.0057002,0.026287,-0.077994
0.0056679,0.026244,-0.078197
0.0056564,0.026227,-0.078274
0.0056547,0.026225,-0.078286
0.0056471,0.026213,-0.07834
0.0056309,0.026187,-0.078458
0.0056123,0.026155,-0.078601
0.0056052,0.026142,-0.078659
0.005601,0.026134,-0.078693
0.0055884,0.026111,-0.078799
0.0055743,0.026081,-0.078926
0.0055614,0.026052,-0.079052
0.0055561,0.026039,-0.079107
0.0055426,0.026005,-0.07925
0.0055365,0.025989,-0.07932
0.0055285,0.025965,-0.079418
0.0055185,0.025934,-0.079543
0.0055165,0.025927,-0.07957
0.005511,0.025907,-0.079647
0.0055016,0.025871,-0.07979
0.0054978,0.025854,-0.079853
0.0054957,0.025845,-0.079887
0.0054917,0.025824,-0.079969
0.0054824,0.025769,-0.08017
0.0054811,0.02576,-0.080201
0.0054767,0.025723,-0.080329
0.005475,0.025707,-0.080385
0.0054744,0.025701,-0.080405
0.0054721,0.02567,-0.080511
0.0054712,0.025656,-0.080558
0.0054687,0.025585,-0.08079
0.0054686,0.025577,-0.080816
0.0054688,0.025551,-0.080901
0.0054691,0.025534,-0.080955
0.0054693,0.025526,-0.080979
0.0054712,0.025481,-0.081119
0.0054728,0.025459,-0.081185
0.0054781,0.025401,-0.081363
0.0054801,0.025382,-0.081419
0.0054868,0.025334,-0.081555
0.0054875,0.025329,-0.081569
0.0054879,0.025326,-0.081578
0.0054959,0.025278,-0.081715
0.0055004,0.025254,-0.081784
0.0055122,0.025197,-0.081944
0.0055176,0.025173,-0.082009
0.0055362,0.025103,-0.0822
0.0055384,0.025095,-0.082221
0.0055432,0.025077,-0.08227
0.0055465,0.025066,-0.0823
0.0055473,0.025063,-0.082307
0.0055638,0.025012,-0.082443
0.0055827,0.024956,-0.08259
0.005592,0.024929,-0.082662
0.0055937,0.024924,-0.082675
0.0056165,0.02486,-0.082842
0.0056218,0.024846,-0.082878
0.0056424,0.024795,-0.08301
0.0056644,0.024742,-0.083145
0.0056677,0.024734,-0.083166
0.0056729,0.024722,-0.083196
0.0057003,0.024661,-0.083351
0.0057182,0.024621,-0.083452
0.005727,0.024602,-0.083499
0.0057521,0.024549,-0.083632
0.0057626,0.024527,-0.083688
0.0057718,0.024507,-0.083736
0.0057996,0.02445,-0.083876
0.0058265,0.024395,-0.084008
0.0058287,0.024391,-0.084019
0.0058286,0.024386,-0.084021
0.0058497,0.024341,-0.084128
0.0058603,0.024319,-0.084181
0.0058838,0.02427,-0.084297
0.0058955,0.024246,-0.084353
0.0059276,0.024179,-0.084506
0.005942,0.024149,-0.084575
0.0059535,0.024124,-0.084631
0.0059642,0.0241,-0.084684
0.0059973,0.024025,-0.08485
0.0060061,0.024005,-0.084894
0.0060303,0.023949,-0.085016
0.0060495,0.023902,-0.085117
0.0060506,0.023899,-0.085123
0.0060515,0.023897,-0.085128
0.0060926,0.02379,-0.085353
0.0060997,0.023771,-0.085394
0.0061257,0.023697,-0.085547
0.0061358,0.023666,-0.085612
0.0061419,0.023646,-0.085652
0.0061436,0.023641,-0.085663
0.0061485,0.023625,-0.085696
0.006154,0.023607,-0.085732
0.0061813,0.02351,-0.085931
0.0061956,0.023453,-0.086048
0.0061985,0.02344,-0.086073
0.0062118,0.023379,-0.086199
0.0062296,0.023284,-0.086391
0.0062312,0.023274,-0.086412
0.0062326,0.023265,-0.08643
0.0062353,0.023247,-0.086468
0.0062384,0.023225,-0.086512
0.0062448,0.023171,-0.086622
0.00625,0.023116,-0.086734
0.0062516,0.023095,-0.086776
0.0062559,0.023025,-0.08692
0.006257,0.022985,-0.087002
0.0062574,0.022898,-0.08718
0.0062574,0.022898,-0.08718
0.0062559,0.022847,-0.087284
0.0062554,0.022833,-0.087313
0.0062472,0.02273,-0.087525
0.0062433,0.022696,-0.087597
0.0062382,0.022653,-0.087685
0.0062244,0.022562,-0.087877
0.0062158,0.022508,-0.087991
0.0062128,0.022491,-0.088025
0.0062089,0.022471,-0.088067
0.006187,0.022366,-0.088286
0.0061798,0.022336,-0.088349
0.0061659,0.022283,-0.088459
0.0061208,0.022127,-0.088783
0.006105,0.022077,-0.088887
0.0060444,0.021902,-0.089247
0.0060103,0.021817,-0.089425
0.0060102,0.021817,-0.089425
0.0060102,0.021817,-0.089426
0.0060025,0.021796,-0.089468
0.005992,0.021769,-0.089524
0.0059032,0.021556,-0.089962
0.0058673,0.021474,-0.090131
0.0057995,0.021326,-0.090434
0.0057844,0.021295,-0.090499
0.0057684,0.021261,-0.090568
0.0057182,0.021159,-0.09078
0.0056539,0.021035,-0.091037
0.0056416,0.021011,-0.091081
0.0055547,0.020852,-0.091414
0.0055323,0.020812,-0.091499
0.0055109,0.020775,-0.091575
0.0054912,0.02074,-0.091645
0.0053801,0.020558,-0.092038
0.0053564,0.02052,-0.092119
0.0052188,0.020313,-0.092576
0.0052032,0.02029,-0.092627
0.0051954,0.020279,-0.092651
0.0051902,0.020272,-0.092668
0.0051784,0.020255,-0.092705
0.0051353,0.020195,-0.09284
0.0050105,0.020028,-0.093223
0.0050002,0.020015,-0.093254
0.0048318,0.019804,-0.093756
0.0048225,0.019792,-0.093785
0.0048122,0.01978,-0.093815
0.0048029,0.019758,-0.093855
0.0047578,0.019704,-0.093983
0.0046279,0.019553,-0.094344
0.0045926,0.019513,-0.094442
0.0044663,0.019371,-0.094788
0.0044214,0.019321,-0.09491
0.0043771,0.019272,-0.095025
0.0043629,0.019257,-0.095063
0.0042558,0.01914,-0.095346
0.0042072,0.019087,-0.095473
0.0041579,0.019033,-0.095604
0.0040863,0.018953,-0.095795
0.0039913,0.01885,-0.096034
0.0039351,0.018788,-0.096179
0.0038673,0.018713,-0.096356
0.0037766,0.018611,-0.096594
0.0037233,0.018551,-0.096732
0.0037143,0.01854,-0.096756
0.0037082,0.018533,-0.096772
0.0035649,0.018367,-0.097147
0.0034943,0.018282,-0.097334
0.0033766,0.018139,-0.097645
0.0033617,0.018118,-0.097696
0.0033459,0.018098,-0.097739
0.0032759,0.018006,-0.097914
0.0031585,0.017849,-0.098225
0.0031531,0.017842,-0.09824
0.0030587,0.017709,-0.098494
0.0030088,0.017637,-0.098632
0.0029666,0.017574,-0.098748
0.0029035,0.017481,-0.098916
0.0028459,0.01739,-0.09908
0.0027832,0.01729,-0.099262
0.0027,0.017148,-0.099497
0.0026396,0.01704,-0.099671
0.0026102,0.016986,-0.099756
0.0024858,0.016747,-0.10013
0.0024831,0.016742,-0.10013
0.0024803,0.016736,-0.10014
0.0024483,0.016671,-0.10024
0.0024391,0.016652,-0.10027
0.0024256,0.016624,-0.10031
0.0022981,0.016343,-0.10071
0.0022464,0.016221,-0.10087
0.0021843,0.016067,-0.10108
0.0021576,0.015999,-0.10116
0.0021166,0.01589,-0.1013
0.0020612,0.015737,-0.10149
0.0020265,0.015643,-0.10161
0.0019727,0.015481,-0.10179
0.0019518,0.015415,-0.10187
0.0019069,0.01527,-0.10203
0.0018854,0.015198,-0.10211
0.0018026,0.014903,-0.10241
0.0017957,0.014878,-0.10244
0.001792,0.014864,-0.10245
0.0017132,0.014551,-0.10273
0.0016917,0.014461,-0.10282
0.0016611,0.014327,-0.10294
0.0016376,0.01422,-0.10303
0.0015994,0.014039,-0.10319
0.0015578,0.013829,-0.10338
0.0015364,0.013714,-0.10348
0.0015176,0.013611,-0.10356
0.0015074,0.013552,-0.10361
0.0014716,0.013339,-0.10378
0.0014447,0.013169,-0.10392
0.0014214,0.013014,-0.10404
0.0013996,0.012862,-0.10415
0.0013798,0.012715,-0.10426
0.001345,0.012438,-0.10446
0.0013419,0.012411,-0.10448
0.0013358,0.012359,-0.10452
0.0013233,0.01225,-0.1046
0.0013125,0.012151,-0.10466
0.0013038,0.012069,-0.10472
0.0012745,0.011772,-0.10492
0.0012524,0.011524,-0.10508
0.0012439,0.011422,-0.10514
0.001233,0.011284,-0.10523
0.0012129,0.011004,-0.10539
0.0012097,0.010956,-0.10542
0.0011989,0.010784,-0.10552
0.0011925,0.010675,-0.10559
0.0011919,0.010665,-0.10559
0.0011718,0.010274,-0.10581
0.0011712,0.010261,-0.10582
0.0011569,0.0099126,-0.10601
0.0011539,0.0098294,-0.10605
0.0011514,0.0097555,-0.10609
0.0011475,0.0096301,-0.10616
0.0011421,0.0094307,-0.10626
0.0011377,0.0092317,-0.10637
0.0011359,0.0091356,-0.10641
0.001134,0.0090115,-0.10648
0.0011306,0.0086996,-0.10663
0.0011299,0.0086067,-0.10668
0.001129,0.0083445,-0.1068
0.0011291,0.0082086,-0.10687
0.0011292,0.0081593,-0.10689
0.0011297,0.0080535,-0.10694
0.0011319,0.0077712,-0.10707
0.0011338,0.0076135,-0.10714
0.0011348,0.0075407,-0.10717
0.0011369,0.0074184,-0.10723
0.0011426,0.0071351,-0.10735
0.0011443,0.0070573,-0.10738
0.0011532,0.0067243,-0.10752
0.0011558,0.0066393,-0.10756
0.0011604,0.0064952,-0.10762
0.0011752,0.0060901,-0.10778
0.0011792,0.0059909,-0.10782
0.0011819,0.0059261,-0.10785
0.0011832,0.0058963,-0.10786
0.0011843,0.0058698,-0.10787
0.0011882,0.0057817,-0.10791
0.0012091,0.0053521,-0.10807
0.001222,0.0051095,-0.10816
0.001225,0.0050565,-0.10818
0.0012414,0.0047733,-0.10829
0.0012589,0.0044942,-0.10839
0.0012679,0.0043574,-0.10845
0.0012781,0.0042054,-0.1085
0.001279,0.0041908,-0.10851
0.0012812,0.0041593,-0.10852
0.0013215,0.003613,-0.10872
0.0013279,0.0036028,-0.10872
0.0013326,0.0035423,-0.10874
0.0013489,0.0033366,-0.10881
0.0013559,0.0032505,-0.10884
0.0013759,0.0030112,-0.10892
0.0013871,0.0028806,-0.10897
0.0014242,0.0024633,-0.10911
0.0014285,0.0024157,-0.10913
0.001438,0.0023145,-0.10916
0.0014536,0.0021491,-0.10921
0.0014638,0.0020439,-0.10925
0.0014861,0.0018156,-0.10932
0.0015098,0.0015797,-0.1094
0.0015259,0.0014234,-0.10945
0.0015481,0.001211,-0.10952
0.0015847,0.00087218,-0.10962
0.0016034,0.0007029,-0.10968
0.0016052,0.00068625,-0.10968
0.0016146,0.0006023,-0.10971
0.0016348,0.00042456,-0.10976
0.0016889,-7.2168e-06,-0.10989
0.0016891,-9.0572e-06,-0.10989
0.0016891,-9.3535e-06,-0.10989
0.0017148,-0.00022128,-0.10996
0.0017215,-0.00027569,-0.10997
0.0017654,-0.00062371,-0.11008
0.0017776,-0.0007189,-0.1101
0.0018329,-0.0011374,-0.11023
0.0018423,-0.001241,-0.11026
0.0018652,-0.001406,-0.11031
0.001868,-0.0014265,-0.11031
0.0018727,-0.0014603,-0.11032
0.00193,-0.0018595,-0.11044
0.0019599,-0.0020624,-0.1105
0.0019691,-0.0021234,-0.11051
0.0020232,-0.0024768,-0.11062
0.0020319,-0.0025324,-0.11063
0.0020767,-0.0028138,-0.11072
0.0021085,-0.003009,-0.11078
0.0021222,-0.0030921,-0.1108
0.0021469,-0.0032393,-0.11084
0.002191,-0.0034975,-0.11092
0.0022217,-0.0036742,-0.11098
0.0022269,-0.0037037,-0.11099
0.0022743,-0.0039728,-0.11107
0.0023107,-0.0041758,-0.11113
0.0023353,-0.004313,-0.11118
0.0024306,-0.0048305,-0.11134
0.0024343,-0.0048502,-0.11134
0.0024392,-0.004877,-0.11135
0.0024475,-0.0049217,-0.11136
0.0024526,-0.0049491,-0.11137
0.0025597,-0.0055228,-0.11156
0.0025603,-0.005526,-0.11156
0.0025656,-0.0055545,-0.11157
0.0026347,-0.0059292,-0.11169
0.0026483,-0.0060035,-0.11171
0.0026715,-0.0061312,-0.11175
0.0026834,-0.0061971,-0.11177
0.0027314,-0.0064618,-0.11186
0.0027805,-0.0067366,-0.11194
0.0028045,-0.006874,-0.11199
0.0028094,-0.0069019,-0.112
0.0028555,-0.0071701,-0.11208
0.0028853,-0.007345,-0.11213
0.0029205,-0.007556,-0.1122
0.0029705,-0.007861,-0.11229
0.0029859,-0.0079568,-0.11232
0.0030142,-0.0081324,-0.11237
0.0030317,-0.0082428,-0.1124
0.0030426,-0.0083131,-0.11242
0.003083,-0.0085757,-0.1125
0.0031175,-0.008806,-0.11256
0.0031364,-0.0089361,-0.1126
0.0031747,-0.0092052,-0.11267
0.0032021,-0.0094026,-0.11272
0.0032336,-0.0096369,-0.11277
0.0032461,-0.0097326,-0.11279
0.003261,-0.0098489,-0.11282
0.0032987,-0.010147,-0.11289
0.0033229,-0.010346,-0.11292
0.003332,-0.010424,-0.11294
0.0033424,-0.010513,-0.11296
0.0033569,-0.010641,-0.11298
0.0034023,-0.011064,-0.11305
0.0034159,-0.011202,-0.11306
0.0034321,-0.01137,-0.11309
0.0034468,-0.011529,-0.11311
0.00347,-0.011795,-0.11314
0.00348,-0.011917,-0.11315
0.0035067,-0.012256,-0.11317
0.0035172,-0.012398,-0.11318
0.0035269,-0.012536,-0.11319
0.0035355,-0.012661,-0.1132
0.0035638,-0.0131,-0.11322
0.0035728,-0.013251,-0.11323
0.0035748,-0.013286,-0.11323
0.0035827,-0.013428,-0.11323
0.0036089,-0.013916,-0.11324
0.0036152,-0.014043,-0.11324
0.0036177,-0.014094,-0.11324
0.0036235,-0.014217,-0.11324
0.0036464,-0.014716,-0.11324
0.0036503,-0.014806,-0.11324
0.0036556,-0.01493,-0.11324
0.0036591,-0.015017,-0.11324
0.0036789,-0.015508,-0.11324
0.0036814,-0.015573,-0.11323
0.0036885,-0.015761,-0.11323
0.0036888,-0.015827,-0.11323
0.0037058,-0.016292,-0.11322
0.0037077,-0.016345,-0.11322
0.003716,-0.016587,-0.11322
0.0037177,-0.016635,-0.11322
0.0037327,-0.017081,-0.11321
0.0037339,-0.017117,-0.11321
0.0037435,-0.017412,-0.11321
0.0037444,-0.017442,-0.11321
0.0037578,-0.01787,-0.1132
0.0037584,-0.01789,-0.1132
0.0037687,-0.018235,-0.1132
0.0037691,-0.018249,-0.1132
0.0037809,-0.018659,-0.11319
0.0037811,-0.018665,-0.11319
0.0037907,-0.019011,-0.11319
0.0037919,-0.019055,-0.11319
0.0037919,-0.019056,-0.11319
0.0038022,-0.019442,-0.11319
0.0038024,-0.01945,-0.11319
0.0038129,-0.019861,-0.11318
0.0038133,-0.019876,-0.11318
0.0038218,-0.020221,-0.11318
0.0038258,-0.020245,-0.11318
0.0038356,-0.020661,-0.11318
0.0038365,-0.020697,-0.11318
0.0038433,-0.020997,-0.11318
0.0038442,-0.021037,-0.11318
0.0038537,-0.021465,-0.11318
0.0038547,-0.021513,-0.11317
0.0038604,-0.021778,-0.11317
0.0038614,-0.021829,-0.11317
0.0038706,-0.022269,-0.11317
0.0038719,-0.022328,-0.11317
0.0038765,-0.02256,-0.11317
0.0038778,-0.022622,-0.11317
0.0038868,-0.023072,-0.11316
0.0038882,-0.023143,-0.11316
0.0038921,-0.023342,-0.11316
0.0038935,-0.023414,-0.11316
0.0039027,-0.023876,-0.11316
0.0039043,-0.023957,-0.11316
0.0039076,-0.024125,-0.11316
0.0039092,-0.024206,-0.11316
0.0039189,-0.02468,-0.11315
0.0039207,-0.024771,-0.11315
0.0039236,-0.024907,-0.11315
0.0039255,-0.024998,-0.11315
0.0039362,-0.025486,-0.11314
0.0039384,-0.025587,-0.11314
0.0039407,-0.025688,-0.11314
0.0039429,-0.025788,-0.11314
0.0039553,-0.026294,-0.11313
0.0039582,-0.026405,-0.11313
0.0039598,-0.026467,-0.11313
0.0039627,-0.026575,-0.11313
0.0039781,-0.027106,-0.11312
0.003982,-0.027226,-0.11312
0.0039825,-0.027242,-0.11312
0.003986,-0.027357,-0.11311
0.0040062,-0.027928,-0.1131
0.0040096,-0.028013,-0.11309
0.0040112,-0.028054,-0.11309
0.0040139,-0.02813,-0.11309
0.0040412,-0.028763,-0.11306
0.004042,-0.028779,-0.11306
0.0040468,-0.028887,-0.11305
0.0040469,-0.028891,-0.11305
0.0040483,-0.028933,-0.11305
0.0040774,-0.029541,-0.11301
0.0040815,-0.029618,-0.113
0.0040824,-0.029638,-0.113
0.0040868,-0.029725,-0.11299
0.0041088,-0.03029,-0.11294
0.0041113,-0.030354,-0.11294
0.0041132,-0.030473,-0.11293
0.0041146,-0.030535,-0.11292
0.0041198,-0.030756,-0.1129
0.0041203,-0.030874,-0.11289
0.0041216,-0.031013,-0.11288
0.0041205,-0.031085,-0.11287
0.0041195,-0.031124,-0.11287
0.0041131,-0.031337,-0.11286
0.0041118,-0.031377,-0.11286
0.0041117,-0.031381,-0.11286
0.0041067,-0.031489,-0.11286
0.0041051,-0.031508,-0.11286
0.0040873,-0.031721,-0.11285
0.0040833,-0.031764,-0.11285
0.0040749,-0.031853,-0.11285
0.0040656,-0.031933,-0.11286
